>>> for f in ['maml_death.pkl', 'maml_nodeath.pkl', 'naive_death.pkl', 'naive_nodeath.pkl']:
...     with open(f, 'rb') as h:
...             import pickle
...             a = pickle.load(h)
...             print(a[1])
... 

Agent order is:
iggi outer piers holmesbot simplebot valuebot rainbow van-den-berg

NO DEATH SCORES
Cross play scores:
[[16.16  7.68 15.41  5.86  6.03  6.09  4.79 11.52]
 [ 5.97 14.34  7.44  2.73  2.9   2.78  8.12 12.01]
 [15.02 10.69 16.41  6.87  8.    7.28  9.04 12.28]
 [ 6.89  3.01  8.04 18.43 15.61 18.25  7.08  4.69]
 [ 6.95  3.51  8.22 16.66 16.79 15.93  6.36  4.5 ]
 [ 6.83  3.39  7.66 17.74 16.12 17.95  6.41  4.36]
 [ 5.43  8.89  9.38  6.    5.46  6.54 18.26  8.33]
 [10.34 12.66 11.85  3.58  3.77  3.85  7.32 11.17]]

Averages from cross-play (minus diagonals):
[8.19, 5.99, 9.88 , 9.08, 8.87 , 8.93 , 7.14, 7.62]

Maml scores:
[12.9, 8.56, 12.98, 13.0, 11.14, 12.04, 7.74, 8.72]

Naive scores:
[4.38, 3.8 , 6.33 , 5.88, 6.93 , 5.55 , 6.55, 3.7]



DEATH SCORES
Cross play scores:
[[16.16  1.76 11.79  1.76  3.89  3.75  2.67  6.04]
 [ 1.04 14.05  4.11  0.    0.    0.    6.2   9.03]
 [10.27  7.16 15.85  0.17  1.82  0.53  5.53  9.39]
 [ 1.44  0.    0.6  14.65 11.24 18.25  0.47  0.  ]
 [ 4.14  0.    1.07 12.8  16.79 15.67  1.66  0.16]
 [ 3.83  0.    1.3  17.6  15.23 17.95  2.04  0.  ]
 [ 3.99  6.61  5.62  0.34  0.28  2.04 18.08  2.58]
 [ 4.7  10.58  8.26  0.    0.    0.16  2.73 10.46]]

Averages (minus diagonals):
[4.52, 2.91, 4.98, 4.57, 5.07, 5.71, 3.06, 3.77]

Maml scores:
[11.1, 3.62, 8.32, 6.78, 5.28, 7.62, 1.84, 4.68]

Naive scores:
[2.51, 2.5 , 2.01, 0.46, 1.1 , 1.52, 1.81, 2.23]

